5.905100e+04  6.502800e-08  4.863118e-08
5.905800e+04  1.074365e-07  4.714628e-08
5.906500e+04  9.731823e-08  4.647826e-08
5.907200e+04  5.192348e-08  3.057022e-08
5.907900e+04  4.890413e-08  1.928826e-08
5.908600e+04  1.144368e-07  4.697342e-08
5.909300e+04  5.178318e-08  4.246469e-08
5.910000e+04  7.437368e-08  2.929466e-08
5.910700e+04  1.096736e-07  4.860577e-08
5.911400e+04  1.120792e-07  4.465359e-08
5.912100e+04  1.790385e-07  4.766665e-08
5.912800e+04  8.976941e-08  3.305439e-08
5.913500e+04  2.667705e-07  4.223382e-08
5.914200e+04  1.253307e-07  3.293016e-08
5.914900e+04  2.197078e-07  5.070339e-08
5.915600e+04  2.967538e-07  6.287515e-08
5.916300e+04  1.241638e-07  5.413214e-08
5.917000e+04  2.153253e-07  4.506984e-08
5.917700e+04  1.352022e-07  3.278716e-08
5.918400e+04  1.297201e-07  3.771657e-08
5.919100e+04  1.532776e-07  4.375530e-08
5.919800e+04  1.449524e-07  4.739861e-08
5.920500e+04  1.459978e-07  5.885397e-08
5.921200e+04  2.043701e-07  1.020765e-07
5.921900e+04  1.289677e-07  5.193616e-08
5.922600e+04  1.572932e-07  5.929928e-08
5.923300e+04  1.191513e-07  3.903764e-08
5.924000e+04  1.064280e-07  3.510553e-08
5.924700e+04  1.056557e-07  3.839992e-08
5.925400e+04  3.226979e-07  6.588946e-08
5.926100e+04  8.228226e-08  6.230833e-08
5.926800e+04  1.882036e-07  7.086258e-08
5.927500e+04  2.164779e-07  6.901070e-08
5.928200e+04  6.607123e-08  4.849020e-08
5.928900e+04  1.239224e-07  3.802518e-08
5.929600e+04  1.176577e-07  3.843022e-08
5.930300e+04  1.740615e-07  6.273736e-08
5.931000e+04  9.249661e-08  3.498532e-08
5.931700e+04  4.758168e-08  3.007155e-08
5.932400e+04  4.150027e-08  2.395729e-08
5.933100e+04  1.351804e-07  4.234374e-08
5.933800e+04  1.355354e-07  3.630571e-08
5.934500e+04  9.912519e-08  3.004318e-08
5.935200e+04  1.413982e-07  4.660108e-08
5.935900e+04  8.714746e-08  3.214723e-08
5.936600e+04  1.847416e-07  6.026689e-08
5.937300e+04  2.177738e-07  5.041203e-08
5.938000e+04  3.825451e-07  5.143078e-08
5.938700e+04  2.782350e-07  4.479418e-08
5.939400e+04  1.994885e-07  4.269041e-08
5.940100e+04  3.039897e-07  4.548874e-08
5.940800e+04  5.542254e-07  6.740709e-08
5.941500e+04  6.286209e-08  4.157527e-08
5.942200e+04  3.066835e-07  1.226837e-07
5.942900e+04  1.196927e-07  6.644829e-08
5.943600e+04  2.207746e-07  6.045893e-08
5.944300e+04  1.364063e-07  4.873910e-08
5.945000e+04  2.428496e-07  4.227503e-08
5.945700e+04  3.387463e-07  5.229386e-08
5.946400e+04  3.145098e-07  5.457926e-08
5.947100e+04  3.345351e-07  5.487671e-08
5.947800e+04  2.134053e-07  5.151622e-08
5.948500e+04  4.483425e-07  7.256948e-08
5.949200e+04  4.612132e-07  5.243744e-08
5.949900e+04  3.295774e-07  4.337869e-08
5.950600e+04  2.784730e-07  4.227712e-08
5.951300e+04  2.861667e-07  5.126670e-08
5.952000e+04  2.189316e-07  5.161189e-08
5.952700e+04  2.443319e-07  5.301663e-08
5.953400e+04  2.123507e-07  5.451792e-08
5.954100e+04  8.915259e-08  3.239861e-08
5.954800e+04  2.184020e-07  3.787252e-08
5.955500e+04  2.191648e-07  4.206399e-08
5.956200e+04  1.176480e-07  4.075163e-08
5.956900e+04  8.454219e-08  3.528322e-08
5.957600e+04  8.985600e-08  4.125759e-08
5.958300e+04  1.107154e-07  4.012327e-08
5.959000e+04  1.188946e-07  4.707591e-08
5.959700e+04  2.308086e-07  5.653454e-08
5.960400e+04  2.053462e-07  4.523499e-08
5.961100e+04  1.639926e-07  3.866109e-08
5.961800e+04  1.664056e-07  4.146143e-08
5.962500e+04  6.310574e-08  4.083652e-08
5.963200e+04  2.089029e-07  8.904259e-08
5.963900e+04  1.582983e-07  5.491145e-08
5.964600e+04  9.618477e-08  3.275841e-08
5.965300e+04  2.112145e-07  5.102002e-08
5.966000e+04  1.218144e-07  3.096684e-08
5.966700e+04  1.794672e-07  4.116820e-08
5.967400e+04  1.502260e-07  7.082828e-08
5.968100e+04  8.578087e-08  5.009306e-08
5.968800e+04  2.694343e-07  7.361342e-08
5.969500e+04  2.112576e-07  4.872278e-08
5.970200e+04  4.367744e-07  4.621608e-08
5.970900e+04  5.016847e-07  4.604847e-08
5.971600e+04  4.957987e-07  5.191553e-08
5.972300e+04  4.556305e-07  5.638004e-08
5.973000e+04  2.616712e-07  6.256618e-08
5.973700e+04  3.880888e-07  6.362864e-08
